3
11
19
8
1
2
5
18
9
13
14
21
23
34
58
69
17
4
6
7
12
22
24
25
28
29
30
35
41
47
59
48
52
61
63
68
71
76
80
87
92
93
96
101
103
105
107
108
110
113
114
115
120
121
131
134
141
146
148
150
168
170
173
174
179
180
181
187
193
194
195
199
205
186
73
74
89
90
95
38
42
44
45
50
54
60
82
86
97
98
104
109
116
117
26
27
20
32
33
36
39
46
49
51
53
55
64
66
70
72
77
78
79
81
83
84
88
91
94
99
100
102
106
112
119
122
127
130
132
133
118
123
124
125
126
129
137
139
140
142
143
147
155
153
157
165
169
171
175
178
185
188
189
191
192
196
198
202
177
135
144
145
149
151
152
154
156
159
160
162
164
167
176
182
184
190
197
200
208
201
204
209
210
203
219
212
213
206
207
211
221
229
239
240
243
260
261
266
267
271
274
288
293
294
296
298
218
216
223
220
224
215
217
222
225
226
231
232
233
234
235
237
238
242
248
250
252
259
263
264
265
272
273
276
279
280
287
299
291
236
227
228
230
241
244
246
249
245
253
254
255
256
251
262
257
268
270
277
278
275
281
289
283
284
285
292
295
304
308
310
312
290
297
325
334
328
319
305
307
309
311
313
317
318
321
327
329
336
340
347
359
360
361
366
367
369
374
376
380
372
337
335
338
339
343
346
349
350
351
354
356
357
381
379
382
386
397
399
413
385
387
394
404
398
383
388
389
391
392
400
402
406
408
414
417
418
419
421
431
437
438
443
454
424
405
409
411
422
425
420
300
302
314
316
320
322
323
324
326
330
331
332
333
341
344
345
348
352
364
365
368
370
375
377
378
384
390
393
396
401
403
407
410
416
432
423
430
433
427
428
434
440
439
447
435
436
441
442
445
449
453
459
462
474
478
486
488
491
463
444
450
452
456
448
457
460
465
468
471
476
469
479
480
494
499
498
509
517
518
524
519
455
458
461
464
466
467
472
473
477
482
483
487
489
490
496
492
497
502
503
505
510
506
508
511
512
513
522
520
526
528
530
529
535
531
538
540
541
544
542
532
533
537
546
551
539
493
495
501
504
507
515
516
521
523
525
527
543
558
559
560
566
571
572
581
587
592
596
598
603
604
607
610
611
612
614
617
619
622
627
630
636
641
643
632
500
553
557
570
561
562
564
565
569
573
576
579
582
585
586
590
591
600
589
605
615
618
602
625
555
545
547
550
556
567
568
574
575
580
584
588
593
594
595
597
599
601
606
608
609
616
620
621
624
631
640
637
628
629
634
635
663
639
646
648
666
651
654
662
647
649
655
656
657
659
660
667
668
671
673
678
679
681
684
686
687
688
689
690
691
692
694
701
711
713
708
672
676
738
776
664
644
645
650
653
128
10
15
16
31
37
40
43
56
57
62
65
67
75
85
111
136
138
158
161
163
166
172
183
214
247
258
269
282
286
301
303
306
315
342
353
355
358
362
363
371
373
395
412
415
426
429
446
451
470
475
481
484
485
514
534
536
548
549
552
554
563
577
578
583
613
623
626
633
638
642
652
658
669
670
696
716
721
732
746
752
757
758
760
761
772
796
807
837
838
845
850
853
861
877
894
896
903
905
907
910
912
921
923
925
927
929
937
943
946
952
953
992
996
1005
999
1018
1019
1032
1035
1044
1061
1063
1066
1072
1075
1077
1088
1096
1098
1106
1134
1135
1137
1152
1158
1163
1169
1191
1195
1212
1229
1222
1231
1236
1240
1247
1252
1255
1256
1262
1265
1268
1273
1275
1280
1299
1306
1308
1327
1329
1335
1336
1337
1351
1360
1364
1366
1372
1378
1381
1383
1396
1405
1411
1417
1420
1449
1423
1483
1541
1489
1542
1556
1558
1566
1595
1579
1591
1596
1602
1603
1608
1610
1624
1634
1643
1645
1653
1655
1658
1660
1661
1663
1671
1680
1703
1705
1706
1715
1719
1751
1772
1774
1777
1782
1788
1789
1804
1805
1806
1828
1836
1838
1844
1861
1865
1868
1874
1878
1889
1893
1895
1908
1916
1923
1769
661
665
674
675
677
680
682
683
695
697
699
702
703
705
707
710
712
715
717
718
729
730
733
734
740
742
749
750
754
763
768
769
770
773
777
780
781
782
786
788
798
799
802
808
811
813
821
820
822
832
833
839
846
848
856
859
863
864
866
867
743
685
693
698
700
704
706
709
714
723
719
720
722
724
725
727
728
735
736
726
731
744
745
753
767
755
737
739
741
747
748
751
756
759
762
764
765
766
771
775
778
783
787
789
791
792
793
801
800
774
784
785
790
797
795
779
794
804
806
805
810
812
814
819
818
823
824
825
827
828
829
834
842
852
815
803
809
816
817
826
830
831
835
836
840
841
843
844
847
849
851
869
871
870
858
854
855
857
862
874
872
860
865
875
876
879
882
878
883
884
887
889
890
885
881
891
892
899
900
901
904
895
908
915
916
917
918
922
928
898
911
948
959
930
934
941
949
950
955
958
966
968
971
974
977
981
982
985
986
987
989
993
994
978
906
909
914
919
920
924
926
932
939
942
945
947
951
954
957
960
963
967
969
972
975
976
984
990
991
997
998
1000
1001
931
868
873
880
886
888
893
897
902
913
933
935
936
938
940
944
956
961
962
964
965
970
973
979
980
983
1009
1014
1015
1016
1025
995
988
1002
1006
1008
1010
1011
1017
1030
1034
1036
1041
1043
1045
1048
1062
1055
1020
1047
1049
1053
1052
1003
1004
1007
1012
1013
1021
1022
1023
1024
1027
1031
1038
1040
1042
1046
1058
1059
1068
1069
1071
1039
1026
1028
1029
1033
1037
1050
1051
1054
1057
1064
1067
1070
1076
1078
1080
1089
1100
1105
1108
1110
1113
1114
1118
1121
1136
1139
1141
1143
1147
1151
1074
1056
1060
1065
1079
1082
1083
1081
1085
1087
1091
1092
1084
1086
1094
1103
1095
1073
1090
1097
1093
1099
1101
1102
1107
1109
1112
1117
1119
1124
1125
1126
1127
1128
1131
1138
1140
1142
1144
1148
1153
1154
1155
1160
1162
1164
1165
1166
1167
1168
1170
1171
1176
1177
1179
1183
1192
1197
1203
1202
1204
1205
1115
1104
1120
1122
1111
1116
1130
1123
1129
1132
1133
1145
1149
1146
1150
1156
1172
1174
1180
1181
1185
1186
1188
1184
1190
1193
1196
1199
1206
1161
1159
1157
1173
1175
1178
1182
1187
1189
1194
1198
1200
1201
1214
1218
1220
1221
1235
1234
1243
1244
1232
1207
1208
1209
1216
1242
1213
1223
1210
1211
1217
1215
1219
1225
1227
1228
1233
1237
1238
1239
1241
1251
1253
1258
1259
1267
1270
1277
1224
1226
1230
1248
1257
1260
1246
1264
1269
1263
1274
1276
1278
1271
1286
1290
1291
1288
1282
1293
1281
1284
1285
1295
1297
1307
1310
1311
1316
1318
1302
1292
1296
1301
1303
1309
1304
1313
1315
1312
1326
1331
1333
1341
1342
1323
1330
1343
1344
1346
1348
1361
1338
1319
1321
1322
1324
1340
1345
1350
1352
1353
1355
1356
1358
1359
1363
1367
1362
1373
1375
1365
1387
1249
1245
1250
1254
1261
1266
1272
1279
1283
1287
1289
1294
1298
1300
1305
1314
1320
1317
1325
1328
1332
1339
1349
1334
1347
1354
1357
1376
1385
1388
1394
1407
1428
1429
1431
1432
1389
1368
1369
1370
1371
1374
1377
1379
1382
1384
1390
1391
1392
1393
1397
1401
1402
1406
1386
1380
1403
1395
1398
1399
1400
1404
1413
1412
1409
1410
1408
1416
1419
1421
1426
1427
1433
1438
1439
1441
1448
1450
1452
1453
1455
1458
1460
1456
1415
1418
1414
1422
1424
1425
1430
1435
1434
1436
1437
1444
1459
1445
1447
1451
1454
1457
1466
1470
1473
1462
1465
1471
1476
1480
1482
1481
1490
1491
1492
1497
1503
1515
1506
1508
1467
1461
1463
1464
1468
1479
1477
1440
1442
1443
1446
1469
1472
1474
1475
1478
1487
1494
1495
1502
1510
1511
1513
1518
1522
1526
1527
1531
1532
1539
1543
1549
1551
1553
1561
1519
1496
1484
1485
1486
1488
1493
1498
1499
1500
1501
1504
1505
1507
1509
1512
1514
1516
1517
1520
1523
1524
1528
1529
1530
1534
1535
1538
1540
1544
1548
1521
1533
1536
1537
1547
1546
1525
1555
1559
1565
1567
1554
1560
1563
1550
1545
1552
1557
1569
1570
1573
1574
1575
1581
1590
1594
1593
1582
1564
1580
1576
1577
1586
1599
1592
1601
1614
1617
1598
1604
1605
1606
1612
1613
1616
1618
1619
1622
1631
1632
1637
1633
1635
1641
1642
1651
1652
1664
1666
1669
1673
1674
1675
1684
1688
1686
1639
1628
1629
1646
1615
1627
1562
1568
1571
1572
1578
1583
1584
1585
1587
1588
1589
1597
1600
1607
1609
1611
1620
1621
1623
1625
1626
1638
1640
1647
1648
1649
1650
1654
1657
1665
1668
1677
1678
1679
1682
1685
1687
1697
1702
1707
1708
1712
1720
1721
1725
1726
1729
1737
1741
1742
1747
1753
1756
1758
1630
1636
1644
1662
1656
1659
1672
1681
1683
1694
1701
1704
1670
1667
1676
1689
1711
1709
1718
1722
1728
1735
1740
1727
1716
1746
1743
1744
1745
1690
1691
1692
1693
1695
1696
1698
1699
1700
1710
1713
1714
1717
1723
1724
1730
1731
1732
1733
1734
1736
1738
1739
1748
1749
1754
1755
1759
1760
1763
1764
1768
1775
1778
1784
1786
1791
1798
1795
1750
1757
1752
1767
1762
1770
1773
1779
1783
1781
1790
1793
1801
1809
1812
1761
1765
1766
1771
1776
1780
1785
1787
1792
1794
1796
1797
1799
1802
1808
1811
1813
1817
1818
1819
1820
1822
1826
1827
1823
1849
1800
1803
1807
1810
1814
1815
1816
1821
1824
1825
1831
1832
1833
1840
1841
1843
1848
1850
1854
1858
1856
1852
1866
1870
1880
1888
1879
1830
1829
1835
1837
1839
1842
1846
1851
1855
1857
1860
1862
1863
1864
1867
1872
1871
1876
1873
1882
1883
1886
1890
1896
1897
1899
1900
1902
1898
1884
1887
1892
1901
1894
1885
1834
1845
1847
1853
1859
1869
1875
1877
1881
1891
1906
1909
1921
1928
1932
1938
1942
1947
1944
1904
1907
1910
1911
1913
1914
1919
1922
1918
1917
1927
1926
1929
1939
1941
1950
1951
1905
1912
1903
1915
1920
1924
1930
1931
1933
1937
1940
1943
1946
1962
1964
1969
1971
1977
1980
1981
1990
1992
1994
1954
1952
1956
1961
1970
1967
1935
1968
1973
1975
1978
1983
1988
1989
1996
1984
1948
1949
1959
1963
1965
1972
1974
1976
1979
1985
1986
1991
1993
1998
1999
1955
1936
1925
1934
1945
1953
1957
1958
1960
1966
1982
1987
1995
1997
